-73.1253380774877
-74.5818269309905
-74.6671260298088
-74.6748578765947
-74.6785126711439
-74.6818118982145
-74.6849679278633
-74.6880042890366
-74.6909191465787
-74.6937080559267
-74.6963675156430
-74.6988957075242
-74.7012924466628
-74.7035589749032
-74.7056977209962
-74.7077120668892
-74.7096061323265
-74.7113845828066
-74.7130524626754
-74.7146150533187
-74.7160777552390
-74.7174459920718
-74.7187251341982
-74.7199204394558
-74.7210370084694
-74.7220797522612
-74.7230533700015
-74.7239623350019
-74.7248108872997
-74.7256030314221
-74.7263425381480
-74.7270329492835
-74.7276775846459
-74.7282795506088
-74.7288417496875
-74.7293668907542
-74.7298574995656
-74.7303159293580
-74.7307443713247
-74.7311448648420
-74.7315193073461
-74.7318694637944
-74.7321969756708
-74.7325033695091
-74.7327900649268
-74.7330583821698
-74.7333095491760
-74.7335447081740
-74.7337649218342
-74.7339711789933
-74.7341643999751
-74.7343454415301
-74.7345151014184
-74.7346741226574
-74.7348231974576
-74.7349629708682
-74.7350940441523
-74.7352169779115
-74.7353322949791
-74.7354404830971
-74.7355419973955
-74.7356372626873
-74.7357266755937
-74.7358106065123
-74.7358894014410
-74.7359633836668
-74.7360328553324
-74.7360980988881
-74.7361593784381
-74.7362169409901
-74.7362710176144
-74.7363218245203
-74.7363695640555
-74.7364144256349
-74.7364565866032
-74.7364962130374
-74.7365334604923
-74.7365684746950
-74.7366013921906
-74.7366323409428
-74.7366614408947
-74.7366888044897
-74.7367145371573
-74.7367387377664
-74.7367614990476
-74.7367829079869
-74.7368030461932
-74.7368219902414
-74.7368398119925
-74.7368565788926
-74.7368723542516
-74.7368871975046
-74.7369011644559
-74.7369143075056
-74.7369266758643
-74.7369383157505
-74.7369492705787
-74.7369595811322
-74.7369692857276
-74.7369784203658
-74.7369870188769
-74.7369951130524
-74.7370027327716
-74.7370099061183
-74.7370166594913
-74.7370230177072
-74.7370290040971
-74.7370346405971
-74.7370399478332
-74.7370449452009
-74.7370496509401
-74.7370540822043
-74.7370582551274
-74.7370621848845
-74.7370658857497
-74.7370693711511
-74.7370726537207
-74.7370757453432
-74.7370786571999
-74.7370813998117
-74.7370839830778
-74.7370864163139
-74.7370887082859
-74.7370908672434
-74.7370929009506
-74.7370948167146
-74.7370966214129
-74.7370983215192
-74.7370999231270
-74.7371014319720
-74.7371028534539
-74.7371041926557
-74.7371054543629
-74.7371066430808
-74.7371077630509
-74.7371088182669
-74.7371098124891
-74.7371107492581
-74.7371116319077
-74.7371124635773
-74.7371132472231
-74.7371139856292
-74.7371146814169
-74.7371153370553
-74.7371159548696
-74.7371165370498
-74.7371170856582
-74.7371176026374
-74.7371180898170
-74.7371185489204
-74.7371189815708
-74.7371193892972
-74.7371197735398
-74.7371201356551
-74.7371204769214
-74.7371207985424
-74.7371211016521
-74.7371213873190
-74.7371216565496
-74.7371219102921
-74.7371221494397
-74.7371223748341
-74.7371225872683
-74.7371227874891
-74.7371229762006
-74.7371231540658
-74.7371233217096
-74.7371234797207
-74.7371236286537
-74.7371237690315
-74.7371239013465
-74.7371240260628
-74.7371241436176
-74.7371242544229
-74.7371243588672
-74.7371244573161
-74.7371245501147
-74.7371246375877
-74.7371247200413
-74.7371247977641
-74.7371248710280
-74.7371249400892
-74.7371250051891
-74.7371250665555
-74.7371251244028
-74.7371251789330
-74.7371252303368
-74.7371252787936
-74.7371253244727
-74.7371253675334
-74.7371254081261
-74.7371254463925
-74.7371254824661
-74.7371255164726
-74.7371255485308
-74.7371255787523
-74.7371256072425
-74.7371256341008
-74.7371256594208
-74.7371256832906
-74.7371257057934
-74.7371257270076
-74.7371257470071
-74.7371257658614
-74.7371257836364
-74.7371258003937
-74.7371258161917
-74.7371258310856
-74.7371258451268
-74.7371258583645
-74.7371258708445
-74.7371258826104
-74.7371258937029
-74.7371259041609
-74.7371259140204
-74.7371259233158
-74.7371259320794
-74.7371259403416
-74.7371259481313
-74.7371259554753
-74.7371259623993
-74.7371259689273
-74.7371259750819
-74.7371259808846
-74.7371259863554
-74.7371259915133
-74.7371259963764
-74.7371260009613
-74.7371260052841
-74.7371260093598
-74.7371260132025
-74.7371260168254
-74.7371260202413
-74.7371260234619
-74.7371260264984
-74.7371260293613
-74.7371260320607
-74.7371260346057
-74.7371260370052
-74.7371260392677
-74.7371260414008
-74.7371260434121
-74.7371260453084
-74.7371260470963
-74.7371260487821
-74.7371260503716
-74.7371260518702
-74.7371260532832
-74.7371260546156
-74.7371260558717
-74.7371260570561
-74.7371260581729
-74.7371260592259
-74.7371260602186
-74.7371260611548
-74.7371260620374
-74.7371260628696
-74.7371260636543
-74.7371260643941
-74.7371260650918
-74.7371260657495
-74.7371260663697
-74.7371260669545
-74.7371260675059
-74.7371260680258
-74.7371260685160
-74.7371260689782
-74.7371260694140
-74.7371260698249
-74.7371260702125
-74.7371260705778
-74.7371260709223
-74.7371260712471
-74.7371260715534
-74.7371260718421
-74.7371260721144
-74.7371260723711
-74.7371260726133
-74.7371260728416
-74.7371260730568
-74.7371260732598
-74.7371260734512
-74.7371260736316
-74.7371260738017
-74.7371260739621
-74.7371260741134
-74.7371260742561
-74.7371260743906
-74.7371260745174
-74.7371260746369
-74.7371260747498
-74.7371260748561
-74.7371260749563
-74.7371260750508
-74.7371260751400
-74.7371260752240
-74.7371260753033
-74.7371260753780
-74.7371260754484
-74.7371260755149
-74.7371260755775
-74.7371260756366
-74.7371260756923
-74.7371260757449
-74.7371260757944
-74.7371260758411
-74.7371260758851
-74.7371260759267
-74.7371260759658
-74.7371260760028
-74.7371260760375
-74.7371260760704
-74.7371260761014
-74.7371260761306
-74.7371260761580
-74.7371260761840
-74.7371260762085
-74.7371260762316
-74.7371260762533
-74.7371260762738
-74.7371260762932
-74.7371260763114
-74.7371260763287
-74.7371260763449
-74.7371260763601
-74.7371260763745
-74.7371260763882
-74.7371260764010
-74.7371260764130
-74.7371260764244
-74.7371260764353
-74.7371260764454
-74.7371260764550
-74.7371260764639
-74.7371260764725
-74.7371260764805
-74.7371260764880
-74.7371260764951
-74.7371260765019
-74.7371260765082
-74.7371260765142
-74.7371260765198
-74.7371260765251
-74.7371260765302
-74.7371260765349
-74.7371260765393
-74.7371260765435
-74.7371260765475
-74.7371260765512
-74.7371260765548
-74.7371260765580
-74.7371260765612
-74.7371260765642
-74.7371260765669
-74.7371260765696
-74.7371260765721
-74.7371260765744
-74.7371260765766
-74.7371260765787
-74.7371260765807
-74.7371260765825
-74.7371260765842
-74.7371260765859
-74.7371260765874
-74.7371260765889
-74.7371260765902
-74.7371260765916
-74.7371260765927
-74.7371260765939
-74.7371260765950
-74.7371260765960
-74.7371260765970
-74.7371260765979
-74.7371260765988
-74.7371260765996
-74.7371260766004
-74.7371260766010
-74.7371260766017
-74.7371260766024
-74.7371260766029
-74.7371260766036
-74.7371260766041
-74.7371260766046
-74.7371260766051
-74.7371260766055
-74.7371260766060
-74.7371260766063
-74.7371260766067
-74.7371260766071
-74.7371260766075
-74.7371260766077
-74.7371260766080
-74.7371260766083
-74.7371260766086
-74.7371260766088
-74.7371260766091
-74.7371260766093
-74.7371260766095
-74.7371260766097
-74.7371260766099
-74.7371260766101
-74.7371260766103
-74.7371260766105
-74.7371260766106
-74.7371260766107
-74.7371260766108
-74.7371260766110
-74.7371260766111
-74.7371260766111
-74.7371260766113
-74.7371260766114
-74.7371260766115
-74.7371260766115
-74.7371260766116
-74.7371260766117
-74.7371260766117
-74.7371260766118
-74.7371260766119
-74.7371260766120
-74.7371260766120
-74.7371260766121
-74.7371260766121
-74.7371260766122
-74.7371260766122
-74.7371260766123
-74.7371260766123
-74.7371260766124
-74.7371260766124
-74.7371260766125
-74.7371260766125
-74.7371260766125
-74.7371260766126
-74.7371260766126
-74.7371260766126
-74.7371260766126
-74.7371260766125
-74.7371260766127
-74.7371260766127
-74.7371260766126
-74.7371260766127
-74.7371260766128
-74.7371260766127
-74.7371260766128
-74.7371260766128
-74.7371260766128
-74.7371260766128
-74.7371260766128
-74.7371260766128
-74.7371260766128
-74.7371260766128