-73.12533815341199
-74.58182698423671
-74.66712607511603
-74.67485792110656
-74.67851271527415
-74.68181194199632
-74.68496797129616
-74.68800433211516
-74.69091918929902
-74.69370809828798
-74.69636755764719
-74.69889574917583
-74.70129248796883
-74.70355901587192
-74.70569776163758
-74.70771210721411
-74.70960617234671
-74.71138462253408
-74.71305250212252
-74.71461509249792
-74.71607779416280
-74.71744603075230
-74.71872517264742
-74.71992047768531
-74.72103704649051
-74.72207979008462
-74.72305340763779
-74.72396237246114
-74.72481092459128
-74.72560306855519
-74.72634257513138
-74.72703298612534
-74.72767762135391
-74.72827958719067
-74.72884178615021
-74.72936692710441
-74.72985753580969
-74.73031596550192
-74.73074440737416
-74.73114490080239
-74.73151934322243
-74.73186949959161
-74.73219701139334
-74.73250340516121
-74.73279010051270
-74.73305841769327
-74.73330958464055
-74.73354474358312
-74.73376495719110
-74.73397121430098
-74.73416443523647
-74.73434547674782
-74.73451513659495
-74.73467415779531
-74.73482323255908
-74.73496300593543
-74.73509407918731
-74.73521701291628
-74.73533232995530
-74.73544051804642
-74.73554203231956
-74.73563729758763
-74.73572671047164
-74.73581064136933
-74.73588943627826
-74.73596341848548
-74.73603289013376
-74.73609813367308
-74.73615941320773
-74.73621697574525
-74.73627105235596
-74.73632185924905
-74.73636959877228
-74.73641446034050
-74.73645662129825
-74.73649624772251
-74.73653349516809
-74.73656850936210
-74.73660142684936
-74.73663237559396
-74.73666147553868
-74.73668883912688
-74.73671457178807
-74.73673877239131
-74.73676153366692
-74.73678294260094
-74.73680308080233
-74.73682202484598
-74.73683984659279
-74.73685661348870
-74.73687238884393
-74.73688723209342
-74.73690119904127
-74.73691434208793
-74.73692671044348
-74.73693835032709
-74.73694930515271
-74.73695961570387
-74.73696932029691
-74.73697845493312
-74.73698705344221
-74.73699514761594
-74.73700276733334
-74.73700994067840
-74.73701669404990
-74.73702305226438
-74.73702903865295
-74.73703467515165
-74.73703998238661
-74.73704497975334
-74.73704968549137
-74.73705411675475
-74.73705828967691
-74.73706221943316
-74.73706592029761
-74.73706940569821
-74.73707268826723
-74.73707577988904
-74.73707869174520
-74.73708143435640
-74.73708401762210
-74.73708645085769
-74.73708874282921
-74.73709090178636
-74.73709293549318
-74.73709485125681
-74.73709665595482
-74.73709835606078
-74.73709995766824
-74.73710146651298
-74.73710288799454
-74.73710422719614
-74.73710548890321
-74.73710667762079
-74.73710779759077
-74.73710885280660
-74.73710984702859
-74.73711078379742
-74.73711166644692
-74.73711249811646
-74.73711328176212
-74.73711402016798
-74.73711471595561
-74.73711537159399
-74.73711598940820
-74.73711657158819
-74.73711712019656
-74.73711763717570
-74.73711812435526
-74.73711858345860
-74.73711901610892
-74.73711942383522
-74.73711980807781
-74.73712017019318
-74.73712051145934
-74.73712083308034
-74.73712113619003
-74.73712142185691
-74.73712169108745
-74.73712194482984
-74.73712218397743
-74.73712240937182
-74.73712262180601
-74.73712282202683
-74.73712301073824
-74.73712318860342
-74.73712335624715
-74.73712351425830
-74.73712366319133
-74.73712380356916
-74.73712393588416
-74.73712406060035
-74.73712417815516
-74.73712428896053
-74.73712439340474
-74.73712449185375
-74.73712458465231
-74.73712467212532
-74.73712475457890
-74.73712483230172
-74.73712490556562
-74.73712497462678
-74.73712503972669
-74.73712510109308
-74.73712515894032
-74.73712521347062
-74.73712526487436
-74.73712531333116
-74.73712535901028
-74.73712540207103
-74.73712544266377
-74.73712548093009
-74.73712551700362
-74.73712555101017
-74.73712558306832
-74.73712561328988
-74.73712564178010
-74.73712566863843
-74.73712569395830
-74.73712571782823
-74.73712574033105
-74.73712576154531
-74.73712578154472
-74.73712580039908
-74.73712581817404
-74.73712583493142
-74.73712585072953
-74.73712586562331
-74.73712587966457
-74.73712589290224
-74.73712590538237
-74.73712591714825
-74.73712592824084
-74.73712593869868
-74.73712594855819
-74.73712595785359
-74.73712596661719
-74.73712597487942
-74.73712598266911
-74.73712599001314
-74.73712599693719
-74.73712600346519
-74.73712600961974
-74.73712601542240
-74.73712602089320
-74.73712602605113
-74.73712603091424
-74.73712603549919
-74.73712603982206
-74.73712604389773
-74.73712604774042
-74.73712605136332
-74.73712605477930
-74.73712605799982
-74.73712606103628
-74.73712606389927
-74.73712606659853
-74.73712606914357
-74.73712607154312
-74.73712607380565
-74.73712607593876
-74.73712607795001
-74.73712607984635
-74.73712608163432
-74.73712608332015
-74.73712608490963
-74.73712608640831
-74.73712608782135
-74.73712608915369
-74.73712609040984
-74.73712609159428
-74.73712609271104
-74.73712609376406
-74.73712609475683
-74.73712609569294
-74.73712609657558
-74.73712609740781
-74.73712609819250
-74.73712609893235
-74.73712609962995
-74.73712610028771
-74.73712610090790
-74.73712610149268
-74.73712610204412
-74.73712610256398
-74.73712610305418
-74.73712610351640
-74.73712610395225
-74.73712610436323
-74.73712610475074
-74.73712610511602
-74.73712610546049
-74.73712610578532
-74.73712610609158
-74.73712610638037
-74.73712610665270
-74.73712610690944
-74.73712610715151
-74.73712610737986
-74.73712610759507
-74.73712610779809
-74.73712610798947
-74.73712610816997
-74.73712610834005
-74.73712610850053
-74.73712610865188
-74.73712610879456
-74.73712610892905
-74.73712610905585
-74.73712610917539
-74.73712610928817
-74.73712610939452
-74.73712610949480
-74.73712610958931
-74.73712610967853
-74.73712610976261
-74.73712610984190
-74.73712610991663
-74.73712610998705
-74.73712611005348
-74.73712611011621
-74.73712611017528
-74.73712611023086
-74.73712611028347
-74.73712611033302
-74.73712611037979
-74.73712611042382
-74.73712611046528
-74.73712611050446
-74.73712611054145
-74.73712611057624
-74.73712611060903
-74.73712611063998
-74.73712611066927
-74.73712611069671
-74.73712611072268
-74.73712611074720
-74.73712611077026
-74.73712611079200
-74.73712611081255
-74.73712611083189
-74.73712611085027
-74.73712611086745
-74.73712611088364
-74.73712611089898
-74.73712611091341
-74.73712611092705
-74.73712611093983
-74.73712611095193
-74.73712611096336
-74.73712611097413
-74.73712611098432
-74.73712611099388
-74.73712611100291
-74.73712611101143
-74.73712611101951
-74.73712611102700
-74.73712611103416
-74.73712611104088
-74.73712611104720
-74.73712611105320
-74.73712611105883
-74.73712611106414
-74.73712611106916
-74.73712611107392
-74.73712611107835
-74.73712611108259
-74.73712611108658
-74.73712611109033
-74.73712611109383
-74.73712611109718
-74.73712611110022
-74.73712611110324
-74.73712611110605
-74.73712611110869
-74.73712611111119
-74.73712611111354
-74.73712611111576
-74.73712611111785
-74.73712611111989
-74.73712611112174
-74.73712611112347
-74.73712611112514
-74.73712611112654
-74.73712611112815
-74.73712611112943
-74.73712611113076
-74.73712611113207
-74.73712611113324
-74.73712611113429
-74.73712611113537
-74.73712611113633
-74.73712611113729
-74.73712611113811
-74.73712611113893
-74.73712611113964
-74.73712611114038
-74.73712611114112
-74.73712611114185
-74.73712611114243
-74.73712611114300
-74.73712611114348
-74.73712611114402
-74.73712611114449
-74.73712611114489
-74.73712611114534
-74.73712611114571
-74.73712611114607
-74.73712611114649
-74.73712611114681
-74.73712611114718
-74.73712611114750
-74.73712611114777
-74.73712611114809
-74.73712611114833
-74.73712611114853
-74.73712611114875
-74.73712611114900
-74.73712611114921
-74.73712611114938
-74.73712611114956
-74.73712611114966
-74.73712611114986
-74.73712611115003
-74.73712611115015
-74.73712611115033
-74.73712611115045
-74.73712611115060
-74.73712611115074
-74.73712611115081
-74.73712611115093
-74.73712611115104
-74.73712611115123
-74.73712611115128
-74.73712611115135
-74.73712611115143
-74.73712611115154
-74.73712611115161
-74.73712611115167
-74.73712611115171
-74.73712611115177
-74.73712611115187
-74.73712611115191
-74.73712611115189
-74.73712611115208
-74.73712611115205
-74.73712611115212
-74.73712611115219
-74.73712611115225
-74.73712611115226
-74.73712611115229
-74.73712611115229
-74.73712611115231
-74.73712611115239
-74.73712611115235
-74.73712611115234
-74.73712611115241
-74.73712611115243
-74.73712611115253
-74.73712611115252
-74.73712611115252
-74.73712611115258
-74.73712611115258
-74.73712611115263
-74.73712611115263
-74.73712611115263
-74.73712611115268
-74.73712611115266
-74.73712611115269
-74.73712611115273